sale_date-int64{201601 201602 201603 201604 201605 201606 201607 201608 201609 201610 201611 201612 201501 201502 201503 201504 201505 201506 201507 201508 201509 201510 201511 201512 201401 201402 201403 201404 201405 201406 201407 201408 201409 201410 201411 201412 201301 201302 201303 201304 201305 201306 201307 201308 201309 201310 201311 201312 201701 201702 201703 201704 201705 201706 201707 201708 201709 201710 201201 201202 201203 201204 201205 201206 201207 201208 201209 201210 201211 201212 }
class_id-int64{651782 842246 417803 905745 621073 249875 854548 743957 209945 580634 472603 559132 248352 290854 540712 350259 219195 854079 526401 412240 103507 651347 732758 760412 221795 289386 714860 453752 356986 289403 653436 815230 560265 516750 725137 321683 194201 682651 401052 481950 687270 378536 978089 614059 612523 745137 308913 291514 693436 281792 482497 923841 948936 360648 169673 340175 136916 281301 871642 735971 124140 872180 475895 347384 671482 265980 409854 750340 963845 291086 861459 354068 198427 741152 250658 576298 789290 973106 654134 501564 569154 603972 437063 628041 304458 496459 890189 961362 175962 437598 349023 736094 178529 270690 683364 510309 905061 245609 819061 580470 379265 376193 436105 619401 186250 851857 392593 194450 527765 492952 384924 587678 810398 714150 597927 714152 468392 961962 914348 206765 591790 786351 302513 713651 527809 359378 425432 125403 692703 739296 348641 395234 379876 883691 416749 953842 378356 950264 924154 649213 }
sale_quantity-int64{5 6 7 8 9 10 11 12 13 14 15 16 17 18 19 20 21 22 23 24 25 26 27 28 29 30 31 32 33 34 35 36 37 38 39 40 41 42 43 44 45 46 47 48 49 50 51 52 53 54 55 56 57 58 59 60 61 62 63 64 65 66 67 68 69 70 71 72 73 74 75 76 77 78 79 80 81 82 83 84 85 86 87 88 89 90 91 92 93 94 95 96 97 98 99 100 101 102 103 104 105 106 107 108 109 110 111 112 113 114 115 116 117 118 119 120 121 122 123 124 125 126 127 128 129 130 131 132 133 134 135 136 137 138 139 140 141 142 143 144 145 146 147 148 6284 150 151 152 153 154 155 156 157 158 159 160 161 162 163 164 165 166 167 168 169 170 171 172 173 174 175 176 177 178 179 180 181 182 183 184 185 186 187 188 189 190 191 192 193 194 195 196 197 198 199 200 201 202 203 204 205 206 207 208 209 210 211 212 213 214 215 216 2263 218 219 220 221 222 223 224 225 226 227 228 229 230 231 232 233 234 235 2280 237 238 239 240 241 242 243 244 245 246 247 248 249 250 251 252 253 254 255 256 257 258 259 260 2309 262 263 264 265 266 267 261 269 270 271 272 273 274 275 276 277 278 279 280 281 282 2328 284 285 286 287 288 289 290 291 292 293 294 295 296 297 298 299 300 301 302 303 304 306 307 308 309 310 311 312 313 314 315 316 317 318 319 320 321 322 323 324 325 326 327 328 329 330 331 332 333 334 335 336 2377 338 337 340 339 342 343 344 345 346 347 348 349 350 352 353 354 355 356 357 358 359 360 2107 361 363 364 365 366 367 368 369 370 371 372 373 374 375 376 377 378 380 381 382 383 384 385 386 387 388 389 390 391 392 2438 394 395 396 397 398 399 400 402 403 404 405 2115 407 406 409 410 408 412 413 414 415 416 417 418 419 420 421 422 423 424 425 426 427 428 429 430 431 432 433 434 435 436 437 438 439 440 441 442 445 446 2494 447 449 450 451 448 454 2502 455 456 2504 459 460 461 462 2511 464 465 466 467 468 469 470 473 474 475 477 478 479 480 481 482 483 484 485 2532 487 488 489 490 491 493 494 495 496 497 498 499 501 502 504 505 506 507 508 509 510 511 512 514 516 517 518 519 520 521 523 524 525 526 527 528 529 530 531 532 533 534 2056 536 537 538 2580 540 539 542 543 544 545 546 547 548 549 550 552 553 554 555 557 2606 559 560 561 562 563 564 566 567 568 569 570 571 572 573 574 576 577 578 580 581 582 583 584 585 586 587 588 589 590 591 592 593 595 598 599 600 601 602 604 605 2652 607 609 610 611 613 614 616 618 619 620 621 622 623 624 626 627 628 629 630 631 632 633 634 635 2683 637 639 640 642 643 644 645 646 648 649 650 651 653 654 655 656 658 660 662 663 664 666 667 669 670 671 672 673 675 676 677 2726 679 680 683 684 686 687 688 689 690 692 693 694 696 697 698 699 701 702 704 705 707 708 710 713 714 715 718 719 720 722 723 727 728 730 731 733 735 737 738 739 740 743 744 747 748 749 149 750 752 754 755 756 757 758 761 763 764 766 767 768 773 774 2823 2821 780 781 783 784 786 787 788 790 791 792 795 800 801 803 806 808 809 810 815 817 818 819 2870 824 825 826 827 828 834 835 837 2889 842 843 845 846 850 852 854 855 859 861 863 865 2208 870 871 873 874 883 884 886 889 890 893 896 900 901 902 905 910 912 913 917 918 919 920 921 928 929 2976 931 934 935 936 937 941 943 946 949 950 952 956 957 959 3008 967 970 972 974 975 978 980 983 984 986 987 989 991 994 995 996 998 1001 1004 1006 1012 1016 1019 1021 1022 1025 1026 1028 1029 1030 1034 1037 1040 1047 2245 1056 1058 1061 1067 1072 1073 1076 1080 3130 1083 1086 1088 1090 217 1092 1094 1097 1104 1105 1106 1109 1110 1113 1114 1116 1117 1122 1124 1125 2260 1132 1135 3192 1145 1147 1150 1159 1164 1165 1166 1168 1170 1173 1174 1175 1178 236 1194 1195 1196 1200 3251 1208 3259 1214 1216 1222 1224 1229 1233 1234 3284 1238 1241 1242 1251 1254 1256 1258 1260 1261 1264 1270 1274 3328 1281 1283 1288 1290 1292 1301 1306 1310 1319 1338 1348 268 1352 1365 1377 1380 1397 3457 1411 1416 1417 283 3474 1426 1444 1445 1453 1455 1462 1465 1474 1502 3552 1509 1514 1518 1523 1533 1537 1542 1552 1556 1574 2098 1601 1607 1608 1626 1639 1659 1663 1674 1693 1701 1703 1707 1716 1756 1775 1823 1843 1858 1877 1886 1892 1905 1909 1921 1923 1938 1941 2015 2029 2030 2047 }
brand_id-int64{512 12 783 537 923 542 290 294 807 682 813 814 304 49 692 953 831 450 836 68 841 75 76 985 864 98 872 106 236 750 497 498 761 126 637 638 }
compartment-int64{1 2 3 }
type_id-int64{1 2 3 4 }
level_id-object{5 3 2 4 1 - }
department_id-int64{1 2 3 4 5 6 7 }
TR-object{5 7 9 8;7 8 4 6 1 0 5;4 }
gearbox_type-object{AT MT AT;DCT CVT AMT MT;AT DCT }
displacement-float64{0.0 1.8 2.0 1.3 1.6 1.5 1.2 3.0 2.5 1.4 1.0 2.4 2.7 1.1 2.3 2.8 3.1 3.6 1.9 }
if_charging-object{L T }
price_level-object{35-50W 50-75W 25-35W 15-20W 10-15W 5-8W 8-10W 20-25W 5WL }
price-object{10.1 14.5 28.1 20.5 32.2 54.3 39.7 13.3 22.6 63.8 33.7 39.3 19.7 39 22.8 13 52.4 48.6 29.3 23.3 18.8 15.6 28.6 55.1 12 19.9 13.5 31.2 27.5 34.5 31.4 30.3 62.3 7.1 34.3 15.4 53.3 42.7 29 44.3 27.6 8.1 15.2 80 33.2 66.3 21.3 6.9 13.7 6.4 9 13.4 11.4 28.2 30.6 29.1 23.5 30.7 20.4 15.9 6.2 36.1 25.8 5.2 11.9 53.6 38.1 11.8 32.7 51.1 7.4 32.3 11.2 50.6 19 52 35.4 11.5 25.6 12.8 27.2 4.8 8.9 16 41.4 9.6 27.7 35.9 54.4 5.9 44.8 24.9 17.7 26.1 50.9 34.9 30.1 40.6 43.2 25.5 36.4 11.3 48.8 23.7 42.3 8.3 5.3 19.1 37.4 31.7 6.3 30 32.8 53.9 62 27.9 11.7 15 33.8 22.1 17.8 9.1 37.6 31.6 39.6 19.8 37.9 45.2 27.1 17.3 48.4 3.9 28 4.2 5.1 21.6 28.4 7.9 16.6 20.8 33.9 17.2 21.7 26.4 38.2 5 15.3 49.1 18.2 62.7 36.6 4.3 18.1 30.8 24.4 22.2 46.7 19.5 52.5 9.5 22.3 10 35.5 6.8 37.7 13.2 14.1 36.5 40.7 38.5 3.8 44.7 59.1 33 21 46.9 32.1 37.2 36.2 3.5 38.6 30.9 61.6 12.3 34.8 13.8 40.4 15.5 23.6 22 10.2 6.5 5.5 8 21.2 29.8 42.9 25.1 46 60.7 20.3 5.4 10.5 24.2 9.7 27.3 51.7 40.8 29.7 16.8 25.7 4.5 31 7.8 8.4 20 25.3 30.2 14.8 8.6 24.8 41.5 37.5 24.6 18.3 26.2 47.9 9.8 21.8 40.2 49.6 25.4 63 26 4.9 41.1 42.5 6.7 29.6 21.4 24.7 14 33.1 11 16.1 74.1 10.3 36.7 42.2 34 15.1 58.5 18.5 67.1 19.6 17 18.7 19.4 28.5 3.7 14.2 42.8 41.2 45.9 28.9 26.9 7.6 8.2 14.7 16.4 57.9 61.9 20.2 32.4 9.2 18.9 11.1 58 23.2 28.7 21.9 22.5 28.8 7.5 34.2 32 40 8.8 4.6 - 22.9 6.1 34.1 43 17.5 57.6 29.2 58.6 47.1 13.6 45 36.8 4 26.7 23.4 19.2 14.3 10.4 49.9 33.5 23.8 49.2 28.3 39.8 42.1 17.4 12.2 34.6 18.6 7.3 51.8 17.6 20.1 54.9 20.6 25.9 29.4 31.9 8.5 19.3 43.7 26.6 61.7 27 12.1 46.4 34.4 37 37.1 5.7 32.9 10.9 31.1 46.5 29.5 33.6 14.9 9.3 57.8 22.4 16.5 51.5 39.2 21.5 32.5 10.7 5.6 7 10.8 37.3 34.7 14.6 12.5 47.5 52.8 6 27.8 57.2 25.2 18 42.4 12.7 38.3 12.6 51 38.8 55.6 36.9 16.7 13.1 29.9 23.1 6.6 36.3 16.3 59.2 26.3 18.4 61.8 39.1 35.3 24.3 43.6 61.3 9.4 26.8 36 9.9 23.9 12.4 21.1 35.6 4.4 10.6 64.2 41.7 20.9 8.7 35.2 17.1 22.7 47.7 72.4 62.2 4.7 13.9 48.9 16.2 11.6 24 54.2 7.7 7.2 5.8 39.4 30.4 35.1 35 16.9 30.5 31.5 54.1 37.8 53.2 38.9 55.5 25 39.5 31.3 24.5 15.8 12.9 14.4 44.9 26.5 56.9 23 40.5 15.7 17.9 40.9 24.1 46.1 }
driven_type_id-int64{1 2 3 }
fuel_type_id-object{1 2 3 4 3 2 1 - }
newenergy_type_id-int64{1 2 3 4 }
emission_standards_id-int64{1 2 3 5 }
if_MPV_id-int64{1 2 }
if_luxurious_id-int64{1 2 }
power-object{213 88 107 145 164 152 155 81.58 106.0 132 30.0 70 36.0 109.0 45.0 130 125 117.7 84 50.0 68 113.0 60.3 60.0 61.5 63.5 63.0 65.0 66.0 78.7 68.0 93.8 70.0 118 190 73.0 73.3 75.0 74.0 77.0 78.0 78.7 80.0 81.0 82.0 83.0 84.0 85.0 86.0 79.0 88.0 89.0 90.2 91.0 90.0 91.6 92.0 95.3 93.0 93.8 94.0 96.0 95.0 98.0 95.6 100.0 101.0 102.0 103.0 104.0 105.0 108.0 110.0 111.0 112.0 107.0 114.0 115.0 116.0 117.7 118.0 119.0 120.0 121.0 122.0 123.0 124.0 125.0 126.0 127.0 128.7 128.5 130.0 131.0 132.0 133.0 132.4 135.0 134.0 137.0 128.0 140.0 141.0 142.0 144.0 145.0 79 147.0 148.0 150.0 123 152.0 187 120 155.0 103 157.0 166 160.0 162.0 164.0 165.0 166.0 167.0 102 169.0 211 171.0 172.0 98 63.5 178.0 179.0 180.0 73 182.0 50 184.0 185.0 186.0 187.0 188.0 190.0 191.0 192.0 193.0 101 195.0 250 198.0 200.0 80 141 147 211.0 189 213.0 198 89 220.0 90.4 227.0 228.0 115 137 95.6 109 81 86 66 245.0 133 250.0 82 45 245 105 220 178 81/70 106 65 186 195 111 94 135 113 92 60.3 124 96 75 157 122 110 74 150 100 85 167 77 128 95 116 140 81.58 162 126 90 227 184 93 131 114 128.7 91.6 193 179 90.4 83 180 132.4 165 200 228 134 108 78 104 119 121 112 95.3 63 160 }
cylinder_number-int64{0 3 4 6 }
engine_torque-object{213 155 132 350 240 300 127 169 150.7 130 233 360 232 190 315 215 132.4 186 285 320 148 280 296 145 252 355 225 168 146 370 170 235 120 123 187 103 199 270 230 340 210.8 234 243 290 138 400 250 141 147 231 189 - 198 205 224 201 115 155/140 174.9 192 154 245 220 178 202 175 310 195 275 172 135 265 146.5 157 297 153 150 85 440 116 140 227.5 226 185 143 250.3 176 194 142 90 420 203 173 159 155.5 184 380 193 177 330 253 180 200 165 353 108 162.68 174 222 160 210 }
car_length-int64{4608 4609 4610 4100 5131 4620 4115 4629 4630 4631 4120 4633 5145 4640 4643 4644 4645 4649 4650 4652 4655 4146 4661 4664 4665 4666 4667 4670 4671 4160 4672 4680 4681 4170 4683 4685 4688 4176 5203 3675 5213 4705 4195 4710 4199 4712 4200 4714 4715 4718 4720 4725 4213 4730 4220 4734 5256 4745 4748 4749 4750 4240 4753 5266 4755 3730 4760 4761 4763 4765 4255 4265 4780 4270 4783 4275 4278 4280 4282 4805 4294 4295 4810 4812 4816 4818 3797 4312 4825 4314 4315 4830 4319 4834 3810 4325 4843 4845 4335 4850 4338 4855 4345 4860 4348 4350 4865 4866 4354 4868 4869 4870 4872 4360 4873 4365 4368 4370 4891 4384 4385 4902 4393 3885 4398 4400 4915 4923 3900 4925 4415 4930 4420 4425 4431 4945 4440 4445 4960 4449 4450 4451 4452 4454 4456 4457 4461 4462 4465 4469 4470 4473 4475 4477 4480 3970 4484 4487 3975 5000 5003 5005 3987 4500 4501 5012 5015 5016 4506 5018 3995 4510 5024 5026 4519 4520 5035 4524 5036 4523 5039 4525 4530 4531 4534 4535 4540 5055 4032 4545 4544 4547 4549 4550 5065 4558 4559 4562 4565 4567 4570 4572 5087 4575 4065 4579 4581 4582 4585 4587 4589 4590 4598 4600 4602 5115 4605 }
car_width-int64{1600 1615 1630 1650 1674 1680 1682 1685 1695 1700 1704 1705 1706 1710 1720 1721 1725 1734 1740 1743 1750 1755 1760 1765 1766 1770 1772 1774 1775 1778 1779 1780 1781 1783 1785 1786 1789 1790 1793 1795 1796 1797 1798 1799 1800 1802 1803 1804 1805 1807 1809 1810 1811 1814 1815 1817 1819 1820 1821 1823 1824 1825 1826 1827 1830 1831 1832 1833 1834 1835 1837 1838 1839 1840 1841 1843 1845 1847 1850 1852 1854 1855 1856 1857 1858 1860 1863 1866 1868 1874 1878 1880 1898 1900 1903 1910 1916 1931 1933 1942 1510 }
car_height-int64{1545 1574 1577 1583 1588 1589 1591 1594 1605 1606 1612 1613 1615 1617 1622 1624 1625 1630 1635 1638 1645 1646 1647 1648 1653 1654 1655 1656 1658 1660 1661 1662 1663 1664 1665 1669 1670 1673 1675 1677 1678 1679 1680 1684 1685 1688 1689 1690 1693 1694 1695 1697 1700 1701 1705 1707 1710 1715 1720 1730 1735 1745 1750 1755 1765 1770 1772 1776 1780 1783 1805 1809 1811 1820 1830 1850 1860 1415 1416 1417 1421 1425 1426 1940 1432 1945 1950 1439 1441 1442 1445 1446 1960 1448 1450 1452 1453 1454 1455 1456 1458 1459 1460 1461 1462 1463 1464 1465 1466 1467 1468 1469 1470 1471 1472 1474 1475 1476 1477 1478 1479 1480 1482 1483 1484 1485 1486 1487 1488 1490 1491 1492 1493 1494 1495 1496 1497 1500 1501 1502 1503 1505 1510 1511 1515 1518 1523 1524 1525 1530 1532 1535 }
total_quality-int64{2050 2051 1540 1542 2055 1545 2059 2060 1550 2064 2065 2066 1555 2069 2070 1560 2074 2075 1565 2080 1570 2084 2085 1572 1575 2087 2090 2092 1580 2095 2098 2100 2101 1590 2105 2106 1595 1597 2110 1600 1602 2115 1608 2120 1610 1611 2125 1615 1617 2130 2131 1620 1625 1626 2140 1630 2142 2145 1635 2150 1640 1642 2155 1645 2160 1650 2162 1652 2165 1655 2168 1657 2170 2169 1660 1661 2175 1665 2178 2180 1670 1672 2185 1675 1676 2190 1680 1681 1683 1685 1688 1689 1690 2205 1694 1695 1696 1697 2210 1698 1700 2215 1705 1707 2220 2219 1710 1711 1712 2225 1713 1715 2230 2231 1720 1722 2235 1725 1730 1733 1734 1735 1736 1737 2250 1738 1740 2245 1742 2255 1745 1747 2260 1750 1752 1755 2270 1760 2275 1765 1766 2280 1769 1770 1773 1774 1775 1776 1778 1780 1782 2295 1783 1785 2300 1788 1790 2305 1795 1798 2310 1800 2315 1803 1805 1807 1808 2320 1810 1809 2325 1815 1816 2330 1818 1820 2335 1825 2340 1830 2345 1835 2350 1840 1843 2355 1845 2360 1850 2365 1855 2370 1858 1860 1350 2375 1865 2380 1870 1360 2385 1876 2390 1880 1885 1890 1380 2405 1893 1895 2410 1900 2415 2420 1910 2425 1915 1918 2431 1920 1925 2440 1930 1420 1940 1941 1945 2460 1950 1951 1955 2470 1960 2475 1965 1967 2480 1970 1971 1460 1975 1980 1470 1984 1985 2499 1990 2505 1995 1996 2000 2515 2004 2005 1495 2520 2010 1500 2015 2020 1510 2025 1514 2027 1515 2030 1520 2034 2035 2038 2040 1530 2045 }
equipment_quality-int64{925 930 935 940 945 950 965 970 985 1000 1010 1015 1020 1030 1039 1043 1045 1050 1055 1058 1060 1065 1070 1072 1075 1078 1083 1085 1087 1089 1090 1091 1092 1095 1100 1105 1110 1115 1116 1120 1122 1130 1135 1139 1140 1145 1155 1157 1160 1164 1167 1170 1180 1185 1195 1197 1198 1200 1203 1204 1205 1206 1207 1208 1210 1211 1215 1217 1218 1220 1224 1225 1226 1228 1230 1233 1235 1236 1237 1239 1240 1242 1243 1245 1246 1247 1248 1250 1251 1254 1255 1256 1258 1259 1260 1264 1265 1266 1267 1270 1271 1275 1277 1280 1282 1285 1286 1288 1290 1295 1297 1300 1301 1302 1304 1305 1306 1308 1310 1314 1315 1319 1320 1321 1322 1323 1325 1326 1330 1332 1335 1336 1337 1338 1340 1341 1343 1345 1350 1352 1353 1355 1358 1359 1360 1362 1364 1365 1367 1370 1372 1375 1376 1378 1379 1380 1383 1390 1391 1395 1398 1400 1401 1402 1403 1405 1407 1408 1409 1410 1413 1415 1418 1420 1423 1425 1426 1427 1430 1431 1432 1433 1435 1436 1440 1441 1445 1446 1450 1452 1455 1456 1458 1459 1460 1465 1466 1468 1469 1470 1471 1472 1473 1475 1479 1480 1481 1482 1483 1484 1485 1486 1490 1492 1493 1495 1496 1497 1499 1500 1501 1505 1506 1510 1515 1517 1520 1525 1529 1530 1535 1540 1541 1542 1545 1546 1549 1550 1554 1555 1556 1557 1558 1560 1561 1564 1565 1567 1570 1574 1575 1576 1577 1578 1580 1581 1582 1585 1588 1590 1592 1596 1597 1600 1605 1607 1610 1612 1615 1620 1625 1626 1627 1630 1633 1634 1635 1640 1645 1647 1650 1654 1655 1658 1659 1660 1661 1665 1666 1667 1668 1670 1675 1680 1683 1685 1688 1690 1695 1700 1705 1708 1709 1710 1715 1717 1720 1725 1738 1740 1745 1746 1750 1755 1756 1760 1765 1769 1770 1771 1775 1780 1787 1790 1795 1800 1803 1810 1815 1820 1830 1840 1845 1848 1850 1860 1866 1870 1875 1878 1880 1881 1885 1890 1900 1910 1930 1940 1950 1954 1955 1960 1970 1980 1990 2005 }
rated_passenger-object{6-8 5 7 4-5 5-8 5-7 9 4 7-8 6-7 }
wheelbase-int64{2560 3079 2570 3088 2578 2585 2590 3108 2600 2602 2603 2604 2610 2612 2614 2620 2629 2630 2631 2636 2637 2640 2646 2648 2650 2651 2656 2660 2661 2662 2670 2675 2680 2684 2685 2687 2690 2699 2700 2705 2710 2715 2720 2725 2730 2737 2750 2760 2770 2775 2780 2790 2791 2795 2800 2803 2805 2807 2810 2812 2815 2820 2829 2837 2840 2850 2857 2860 2869 2871 2360 2873 2900 2905 2908 2920 2939 2945 2950 2460 2465 2470 2471 3000 3012 2500 3014 2510 2530 2550 2555 }
front_track-int64{1537 1538 1539 1540 1541 1543 1544 1545 1546 1547 1548 1549 1550 1551 1552 1553 1554 1555 1556 1557 1558 1559 1560 1561 1562 1563 1564 1565 1566 1567 1569 1571 1572 1573 1574 1575 1577 1578 1579 1580 1582 1584 1585 1586 1590 1591 1593 1594 1595 1596 1597 1598 1599 1600 1601 1602 1603 1604 1605 1606 1612 1614 1617 1620 1625 1627 1630 1641 1645 1652 1655 1280 1290 1405 1420 1425 1429 1430 1435 1445 1450 1451 1460 1463 1470 1475 1480 1482 1488 1489 1490 1495 1500 1502 1506 1511 1517 1518 1520 1522 1524 1525 1526 1527 1530 1531 1533 1534 1535 }
rear_track-int64{1536 1538 1539 1540 1541 1542 1544 1545 1546 1547 1548 1549 1550 1551 1552 1554 1555 1557 1558 1560 1561 1562 1563 1564 1565 1567 1568 1570 1571 1572 1574 1575 1576 1577 1578 1580 1581 1582 1584 1585 1586 1587 1588 1589 1590 1591 1593 1594 1595 1596 1599 1600 1601 1602 1603 1605 1606 1607 1609 1613 1614 1615 1617 1618 1620 1621 1622 1626 1627 1628 1631 1632 1636 1642 1645 1671 1290 1400 1420 1422 1425 1435 1440 1444 1450 1456 1460 1462 1465 1470 1475 1478 1480 1485 1488 1492 1493 1495 1496 1500 1503 1505 1506 1509 1513 1514 1515 1520 1521 1522 1524 1525 1528 1529 1530 1532 1533 1535 }
rated_passenger_1-int64{4 5 7 8 9 }
